001 0 184 1 
001 0 29 1 
001 0 31 1 
001 0 12 1 
001 0 51 1 
001 0 102 1 
001 0 13 1 
001 0 14 1 
001 0 15 1 
001 0 57 1 
001 0 378 1 
001 0 859 1 
001 0 185 1 
001 0 30 1 
001 0 37 1 
001 0 52 1 
001 0 142 1 
001 0 195 1 
001 0 875 1 
001 0 56 1 
001 0 66 1 
001 0 95 1 
001 0 462 1 
001 0 497 1 
001 0 858 1 
001 0 876 1 
001 0 879 1 
001 0 880 1 
001 0 486 1
002 0 12 1 
002 0 15 1 
002 0 184 1 
002 0 858 1 
002 0 51 1 
002 0 102 1 
002 0 202 1 
002 0 14 1 
002 0 52 1 
002 0 380 1 
002 0 746 1 
002 0 859 1 
002 0 948 1 
002 0 285 1 
002 0 390 1 
002 0 391 1 
002 0 442 1 
002 0 497 1 
002 0 643 1 
002 0 856 1 
002 0 857 1 
002 0 877 1 
002 0 864 1 
002 0 658 1 
002 0 486 1
023 0 900 1 
023 0 902 1 
023 0 200 1 
023 0 201 1 
023 0 601 1 
023 0 899 1 
023 0 903 1 
023 0 593 1 
023 0 199 1 
023 0 594 1 
023 0 901 1 
023 0 544 1 
023 0 597 1 
023 0 749 1 
023 0 917 1 
023 0 919 1 
023 0 1333 1 
023 0 634 1 
023 0 687 1 
023 0 698 1 
023 0 1290 1 
023 0 700 1 
023 0 704 1 
023 0 705 1 
023 0 1109 1 
023 0 1112 1 
023 0 1141 1 
023 0 1197 1 
023 0 1256 1 
023 0 1259 1 
023 0 1272 1 
023 0 1289 1 
023 0 892 1
157 0 273 1 
157 0 1105 1 
157 0 1106 1 
157 0 93 1 
157 0 161 1 
157 0 302 1 
157 0 122 1 
157 0 666 1 
157 0 1107 1 
157 0 556 1 
157 0 25 1 
157 0 1011 1 
157 0 19 1 
157 0 35 1 
157 0 1355 1 
157 0 372 1 
157 0 410 1 
157 0 456 1 
157 0 36 1 
157 0 44 1 
157 0 215 1 
157 0 626 1 
157 0 1151 1 
157 0 354 1 
157 0 369 1 
157 0 370 1 
157 0 421 1 
157 0 557 1 
157 0 605 1 
157 0 655 1 
157 0 657 1 
157 0 689 1 
157 0 1307 1 
157 0 318 1 
157 0 423 1 
157 0 1304 1 
157 0 160 1 
157 0 482 1 
157 0 572 1 
157 0 1006 1
219 0 1391 1 
219 0 666 1 
219 0 667 1 
219 0 1258 1 
219 0 1078 1 
219 0 1080 1 
219 0 1081 1 
219 0 1394 1 
219 0 1395 1 
219 0 1214 1 
219 0 1198 1 
219 0 1204 1 
219 0 1300 1 
219 0 559 1 
219 0 630 1 
219 0 662 1 
219 0 1107 1 
219 0 1213 1 
219 0 1191 1